{"producer":{"name":"Blender","version":"2.77 (sub 0)","exporter_version":"4.4.2","file":"model.babylon"},
"autoClear":true,"clearColor":[0.0509,0.0509,0.0509],"ambientColor":[0,0,0],"gravity":[0,-9.81,0],
"materials":[{"name":"model.Component_2_Sub_0","id":"model.Component_2_Sub_0","ambient":[1,1,1],"diffuse":[0.8,0.8,0.8],"specular":[0.5,0.5,0.5],"emissive":[0,0,0],"specularPower":49,"alpha":1,"backFaceCulling":true,"checkReadyOnlyOnce":false, 
"diffuseTexture":{"name":"page-1.png","level":1,"hasAlpha":1,"coordinatesMode":0,"uOffset":0,"vOffset":0,"uScale":1,"vScale":1,"uAng":0,"vAng":0,"wAng":0,"wrapU":1,"wrapV":1,"coordinatesIndex":0}},
{"name":"model.Component_1_Sub_0","id":"model.Component_1_Sub_0","ambient":[1,1,1],"diffuse":[0.8,0.8,0.8],"specular":[0.0312,0.0312,0.0312],"emissive":[0,0,0],"specularPower":49,"alpha":1,"backFaceCulling":true,"checkReadyOnlyOnce":false, 
"diffuseTexture":{"name":"Tab_Texture.jpg","level":1,"hasAlpha":1,"coordinatesMode":0,"uOffset":0,"vOffset":0,"uScale":1,"vScale":1,"uAng":0,"vAng":0,"wAng":0,"wrapU":1,"wrapV":1,"coordinatesIndex":0}},
{"name":"model.Component_1_Sub_4","id":"model.Component_1_Sub_4","ambient":[1,1,1],"diffuse":[0.8,0.8,0.8],"specular":[0.0312,0.0312,0.0312],"emissive":[0,0,0],"specularPower":49,"alpha":1,"backFaceCulling":true,"checkReadyOnlyOnce":false, 
"diffuseTexture":{"name":"Cover_1.jpg","level":1,"hasAlpha":1,"coordinatesMode":0,"uOffset":0,"vOffset":0,"uScale":1,"vScale":1,"uAng":0,"vAng":0,"wAng":0,"wrapU":1,"wrapV":1,"coordinatesIndex":0}},
{"name":"model.Component_1_Sub_3","id":"model.Component_1_Sub_3","ambient":[1,1,1],"diffuse":[0.8,0.8,0.8],"specular":[0.0312,0.0312,0.0312],"emissive":[0,0,0],"specularPower":49,"alpha":1,"backFaceCulling":true,"checkReadyOnlyOnce":false, 
"diffuseTexture":{"name":"Tab_Texture.jpg","level":1,"hasAlpha":1,"coordinatesMode":0,"uOffset":0,"vOffset":0,"uScale":1,"vScale":1,"uAng":0,"vAng":0,"wAng":0,"wrapU":1,"wrapV":1,"coordinatesIndex":0}},
{"name":"model.Component_1_Sub_2","id":"model.Component_1_Sub_2","ambient":[1,1,1],"diffuse":[0.8,0.8,0.8],"specular":[0.125,0.125,0.125],"emissive":[0,0,0],"specularPower":49,"alpha":1,"backFaceCulling":true,"checkReadyOnlyOnce":false, 
"diffuseTexture":{"name":"page-1.png","level":1,"hasAlpha":1,"coordinatesMode":0,"uOffset":0,"vOffset":0,"uScale":1,"vScale":1,"uAng":0,"vAng":0,"wAng":0,"wrapU":1,"wrapV":1,"coordinatesIndex":0}},
{"name":"model.Component_1_Sub_1","id":"model.Component_1_Sub_1","ambient":[1,1,1],"diffuse":[0.8,0.8,0.8],"specular":[0.125,0.125,0.125],"emissive":[0,0,0],"specularPower":49,"alpha":1,"backFaceCulling":true,"checkReadyOnlyOnce":false, 
"diffuseTexture":{"name":"page-1.png","level":1,"hasAlpha":1,"coordinatesMode":0,"uOffset":0,"vOffset":0,"uScale":1,"vScale":1,"uAng":0,"vAng":0,"wAng":0,"wrapU":1,"wrapV":1,"coordinatesIndex":0}},
{"name":"model.Component_1_Sub_5","id":"model.Component_1_Sub_5","ambient":[1,1,1],"diffuse":[0.8,0.8,0.8],"specular":[0.0312,0.0312,0.0312],"emissive":[0,0,0],"specularPower":49,"alpha":1,"backFaceCulling":true,"checkReadyOnlyOnce":false, 
"diffuseTexture":{"name":"Tab_Texture.jpg","level":1,"hasAlpha":1,"coordinatesMode":0,"uOffset":0,"vOffset":0,"uScale":1,"vScale":1,"uAng":0,"vAng":0,"wAng":0,"wrapU":1,"wrapV":1,"coordinatesIndex":0}}],
"multiMaterials":[{"name":"model.Multimaterial#0","id":"model.Multimaterial#0","materials":["model.Component_1_Sub_0","model.Component_1_Sub_4","model.Component_1_Sub_3","model.Component_1_Sub_2","model.Component_1_Sub_1","model.Component_1_Sub_5"]}],
"skeletons":[{"name":"skeleton_2","id":0,"bones":[
{"name":"skelton_2","index":0,"matrix":[1,0,0,0,0,0,1,0,0,1,0,0,0,6.001,-54.87,1],"rest":[1,0,0,0,0,0,1,0,0,1,0,0,0,6.001,-54.8705,1],"parentBoneIndex":-1,"length":3.885
,"animation":{"dataType":3,"framePerSecond":24,"keys":[{"frame":0,"values":[1,0,0,0,0,0,1,0,0,1,0,0,0,6.001,-54.87,1]},{"frame":1,"values":[1,0,0,0,0,0,1,0,0,1,0,0,0,6.001,-54.4722,1]},{"frame":2,"values":[1,0,0,0,0,0,1,0,0,1,0,0,0,6.001,-53.3336,1]},{"frame":3,"values":[1,0,0,0,0,0,1,0,0,1,0,0,0,6.001,-51.5366,1]},{"frame":4,"values":[1,0,0,0,0,0,1,0,0,1,0,0,0,6.001,-49.1635,1]},{"frame":5,"values":[1,0,0,0,0,0,1,0,0,1,0,0,0,6.001,-46.2966,1]},{"frame":6,"values":[1,0,0,0,0,0,1,0,0,1,0,0,0,6.001,-43.0181,1]},{"frame":7,"values":[1,0,0,0,0,0,1,0,0,1,0,0,0,6.001,-39.4104,1]},{"frame":8,"values":[1,0,0,0,0,0,1,0,0,1,0,0,0,6.001,-35.5558,1]},{"frame":9,"values":[1,0,0,0,0,0,1,0,0,1,0,0,0,6.001,-31.5365,1]},{"frame":10,"values":[1,0,0,0,0,0,1,0,0,1,0,0,0,6.001,-27.435,1]},{"frame":11,"values":[1,0,0,0,0,0,1,0,0,1,0,0,0,6.001,-23.3335,1]},{"frame":12,"values":[1,0,0,0,0,0,1,0,0,1,0,0,0,6.001,-19.3142,1]},{"frame":13,"values":[1,0,0,0,0,0,1,0,0,1,0,0,0,6.001,-15.4596,1]},{"frame":14,"values":[1,0,0,0,0,0,1,0,0,1,0,0,0,6.001,-11.8519,1]},{"frame":15,"values":[1,0,0,0,0,0,1,0,0,1,0,0,0,6.001,-8.5734,1]},{"frame":16,"values":[1,0,0,0,0,0,1,0,0,1,0,0,0,6.001,-5.7065,1]},{"frame":17,"values":[1,0,0,0,0,0,1,0,0,1,0,0,0,6.001,-3.3334,1]},{"frame":18,"values":[1,0,0,0,0,0,1,0,0,1,0,0,0,6.001,-1.5364,1]},{"frame":19,"values":[1,0,0,0,0,0,1,0,0,1,0,0,0,6.001,-0.3978,1]},{"frame":20,"values":[1,0,0,0,0,0,1,0,0,1,0,0,0,6.001,0,1]},{"frame":41,"values":[1,0,0,0,0,0.0088,1,0,0,1,-0.0088,0,0,6.001,0,1]},{"frame":42,"values":[1,0,0,0,0,0.0346,0.9994,0,0,0.9994,-0.0346,0,0,6.001,0,1]},{"frame":43,"values":[1,0,0,0,0,0.0759,0.9971,0,0,0.9971,-0.0759,0,0,6.001,0,1]},{"frame":44,"values":[1,0,0,0,0,0.1315,0.9913,0,0,0.9913,-0.1315,0,0,6.001,0,1]},{"frame":45,"values":[1,0,0,0,0,0.1998,0.9798,0,0,0.9798,-0.1998,0,0,6.001,0,1]},{"frame":46,"values":[1,0,0,0,0,0.2786,0.9604,0,0,0.9604,-0.2786,0,0,6.001,0,1]},{"frame":47,"values":[1,0,0,0,0,0.3658,0.9307,0,0,0.9307,-0.3658,0,0,6.001,0,1]},{"frame":48,"values":[1,0,0,0,0,0.4584,0.8887,0,0,0.8887,-0.4584,0,0,6.001,0,1]},{"frame":49,"values":[1,0,0,0,0,0.5534,0.8329,0,0,0.8329,-0.5534,0,0,6.001,0,1]},{"frame":50,"values":[1,0,0,0,0,0.6472,0.7623,0,0,0.7623,-0.6472,0,0,6.001,0,1]},{"frame":51,"values":[1,0,0,0,0,0.7362,0.6768,0,0,0.6768,-0.7362,0,0,6.001,0,1]},{"frame":52,"values":[1,0,0,0,0,0.8167,0.5771,0,0,0.5771,-0.8167,0,0,6.001,0,1]},{"frame":53,"values":[1,0,0,0,0,0.8855,0.4646,0,0,0.4646,-0.8855,0,0,6.001,0,1]},{"frame":54,"values":[1,0,0,0,0,0.9398,0.3418,0,0,0.3418,-0.9398,0,0,6.001,0,1]},{"frame":55,"values":[1,0,0,0,0,0.9773,0.2117,0,0,0.2117,-0.9773,0,0,6.001,0,1]},{"frame":56,"values":[1,0,0,0,0,0.997,0.0777,0,0,0.0777,-0.997,0,0,6.001,0,1]},{"frame":57,"values":[1,0,0,0,0,0.9984,-0.0566,0,0,-0.0566,-0.9984,0,0,6.001,0,1]},{"frame":58,"values":[1,0,0,0,0,0.9823,-0.1874,0,0,-0.1874,-0.9823,0,0,6.001,0,1]},{"frame":59,"values":[1,0,0,0,0,0.9502,-0.3116,0,0,-0.3116,-0.9502,0,0,6.001,0,1]},{"frame":60,"values":[1,0,0,0,0,0.9046,-0.4262,0,0,-0.4262,-0.9046,0,0,6.001,0,1]},{"frame":61,"values":[1,0,0,0,0,0.8484,-0.5293,0,0,-0.5293,-0.8484,0,0,6.001,0,1]},{"frame":62,"values":[1,0,0,0,0,0.7851,-0.6194,0,0,-0.6194,-0.7851,0,0,6.001,0,1]},{"frame":63,"values":[1,0,0,0,0,0.7181,-0.6959,0,0,-0.6959,-0.7181,0,0,6.001,0,1]},{"frame":64,"values":[1,0,0,0,0,0.651,-0.759,0,0,-0.759,-0.651,0,0,6.001,0,1]},{"frame":65,"values":[1,0,0,0,0,0.5873,-0.8094,0,0,-0.8094,-0.5873,0,0,6.001,0,1]},{"frame":66,"values":[1,0,0,0,0,0.5299,-0.848,0,0,-0.848,-0.5299,0,0,6.001,0,1]},{"frame":67,"values":[1,0,0,0,0,0.4817,-0.8763,0,0,-0.8763,-0.4817,0,0,6.001,0,1]},{"frame":68,"values":[1,0,0,0,0,0.445,-0.8955,0,0,-0.8955,-0.445,0,0,6.001,0,1]},{"frame":69,"values":[1,0,0,0,0,0.4218,-0.9067,0,0,-0.9067,-0.4218,0,0,6.001,0,1]},{"frame":70,"values":[1,0,0,0,0,0.4138,-0.9104,0,0,-0.9104,-0.4138,0,0,6.001,0,1]},{"frame":81,"values":[1,0,0,0,0,0.4218,-0.9067,0,0,-0.9067,-0.4218,0,0,6.001,0,1]},{"frame":82,"values":[1,0,0,0,0,0.445,-0.8955,0,0,-0.8955,-0.445,0,0,6.001,0,1]},{"frame":83,"values":[1,0,0,0,0,0.4817,-0.8763,0,0,-0.8763,-0.4817,0,0,6.001,0,1]},{"frame":84,"values":[1,0,0,0,0,0.5299,-0.848,0,0,-0.848,-0.5299,0,0,6.001,0,1]},{"frame":85,"values":[1,0,0,0,0,0.5873,-0.8094,0,0,-0.8094,-0.5873,0,0,6.001,0,1]},{"frame":86,"values":[1,0,0,0,0,0.651,-0.759,0,0,-0.759,-0.651,0,0,6.001,0,1]},{"frame":87,"values":[1,0,0,0,0,0.7181,-0.6959,0,0,-0.6959,-0.7181,0,0,6.001,0,1]},{"frame":88,"values":[1,0,0,0,0,0.7851,-0.6194,0,0,-0.6194,-0.7851,0,0,6.001,0,1]},{"frame":89,"values":[1,0,0,0,0,0.8484,-0.5293,0,0,-0.5293,-0.8484,0,0,6.001,0,1]},{"frame":90,"values":[1,0,0,0,0,0.9046,-0.4262,0,0,-0.4262,-0.9046,0,0,6.001,0,1]},{"frame":91,"values":[1,0,0,0,0,0.9502,-0.3116,0,0,-0.3116,-0.9502,0,0,6.001,0,1]},{"frame":92,"values":[1,0,0,0,0,0.9823,-0.1874,0,0,-0.1874,-0.9823,0,0,6.001,0,1]},{"frame":93,"values":[1,0,0,0,0,0.9984,-0.0566,0,0,-0.0566,-0.9984,0,0,6.001,0,1]},{"frame":94,"values":[1,0,0,0,0,0.997,0.0777,0,0,0.0777,-0.997,0,0,6.001,0,1]},{"frame":95,"values":[1,0,0,0,0,0.9773,0.2117,0,0,0.2117,-0.9773,0,0,6.001,0,1]},{"frame":96,"values":[1,0,0,0,0,0.9398,0.3418,0,0,0.3418,-0.9398,0,0,6.001,0,1]},{"frame":97,"values":[1,0,0,0,0,0.8855,0.4646,0,0,0.4646,-0.8855,0,0,6.001,0,1]},{"frame":98,"values":[1,0,0,0,0,0.8167,0.5771,0,0,0.5771,-0.8167,0,0,6.001,0,1]},{"frame":99,"values":[1,0,0,0,0,0.7362,0.6768,0,0,0.6768,-0.7362,0,0,6.001,0,1]},{"frame":100,"values":[1,0,0,0,0,0.6472,0.7623,0,0,0.7623,-0.6472,0,0,6.001,0,1]},{"frame":101,"values":[1,0,0,0,0,0.5534,0.8329,0,0,0.8329,-0.5534,0,0,6.001,0,1]},{"frame":102,"values":[1,0,0,0,0,0.4584,0.8887,0,0,0.8887,-0.4584,0,0,6.001,0,1]},{"frame":103,"values":[1,0,0,0,0,0.3658,0.9307,0,0,0.9307,-0.3658,0,0,6.001,0,1]},{"frame":104,"values":[1,0,0,0,0,0.2786,0.9604,0,0,0.9604,-0.2786,0,0,6.001,0,1]},{"frame":105,"values":[1,0,0,0,0,0.1998,0.9798,0,0,0.9798,-0.1998,0,0,6.001,0,1]},{"frame":106,"values":[1,0,0,0,0,0.1315,0.9913,0,0,0.9913,-0.1315,0,0,6.001,0,1]},{"frame":107,"values":[1,0,0,0,0,0.0759,0.9971,0,0,0.9971,-0.0759,0,0,6.001,0,1]},{"frame":108,"values":[1,0,0,0,0,0.0346,0.9994,0,0,0.9994,-0.0346,0,0,6.001,0,1]},{"frame":109,"values":[1,0,0,0,0,0.0088,1,0,0,1,-0.0088,0,0,6.001,0,1]},{"frame":110,"values":[1,0,0,0,0,0,1,0,0,1,0,0,0,6.001,0,1]},{"frame":521,"values":[1,0,0,0,0,0,1,0,0,1,0,0,0,6.001,-0.3978,1]},{"frame":522,"values":[1,0,0,0,0,0,1,0,0,1,0,0,0,6.001,-1.5364,1]},{"frame":523,"values":[1,0,0,0,0,0,1,0,0,1,0,0,0,6.001,-3.3333,1]},{"frame":524,"values":[1,0,0,0,0,0,1,0,0,1,0,0,0,6.001,-5.7066,1]},{"frame":525,"values":[1,0,0,0,0,0,1,0,0,1,0,0,0,6.001,-8.5735,1]},{"frame":526,"values":[1,0,0,0,0,0,1,0,0,1,0,0,0,6.001,-11.8519,1]},{"frame":527,"values":[1,0,0,0,0,0,1,0,0,1,0,0,0,6.001,-15.4597,1]},{"frame":528,"values":[1,0,0,0,0,0,1,0,0,1,0,0,0,6.001,-19.3143,1]},{"frame":529,"values":[1,0,0,0,0,0,1,0,0,1,0,0,0,6.001,-23.3334,1]},{"frame":530,"values":[1,0,0,0,0,0,1,0,0,1,0,0,0,6.001,-27.4351,1]},{"frame":531,"values":[1,0,0,0,0,0,1,0,0,1,0,0,0,6.001,-31.5366,1]},{"frame":532,"values":[1,0,0,0,0,0,1,0,0,1,0,0,0,6.001,-35.5557,1]},{"frame":533,"values":[1,0,0,0,0,0,1,0,0,1,0,0,0,6.001,-39.4105,1]},{"frame":534,"values":[1,0,0,0,0,0,1,0,0,1,0,0,0,6.001,-43.0181,1]},{"frame":535,"values":[1,0,0,0,0,0,1,0,0,1,0,0,0,6.001,-46.2965,1]},{"frame":536,"values":[1,0,0,0,0,0,1,0,0,1,0,0,0,6.001,-49.1636,1]},{"frame":537,"values":[1,0,0,0,0,0,1,0,0,1,0,0,0,6.001,-51.5367,1]},{"frame":538,"values":[1,0,0,0,0,0,1,0,0,1,0,0,0,6.001,-53.3336,1]},{"frame":539,"values":[1,0,0,0,0,0,1,0,0,1,0,0,0,6.001,-54.4722,1]},{"frame":540,"values":[1,0,0,0,0,0,1,0,0,1,0,0,0,6.001,-54.87,1]},{"frame":559,"values":[1,0,0,0,0,0,1,0,0,1,0,0,0,6.001,-54.87,1]}],"loopBehavior":1,"name":"anim","property":"_matrix"}},
{"name":"skeleton_2K","index":1,"matrix":[1,0,0,0,0,1,0,0,0,0,1,0,-0.0019,2.0952,4.0735,1],"rest":[1,0,0,0,0,1,0,0,0,0,1,0,-0.0019,3.2208,2.1725,1],"parentBoneIndex":0,"length":7.7895
,"animation":{"dataType":3,"framePerSecond":24,"keys":[{"frame":0,"values":[1,0,0,0,0,1,0,0,0,0,1,0,-0.0019,2.0952,4.0735,1]},{"frame":41,"values":[1,0,0,0,0,1,0.008,0,0,-0.008,1,0,-0.0019,2.0952,4.0735,1]},{"frame":42,"values":[1,0,0,0,0,0.9995,0.0307,0,0,-0.0307,0.9995,0,-0.0019,2.0952,4.0735,1]},{"frame":43,"values":[1,0,0,0,0,0.9978,0.0656,0,0,-0.0656,0.9978,0,-0.0019,2.0952,4.0735,1]},{"frame":44,"values":[1,0,0,0,0,0.9939,0.1106,0,0,-0.1106,0.9939,0,-0.0019,2.0952,4.0735,1]},{"frame":45,"values":[1,0,0,0,0,0.9866,0.163,0,0,-0.163,0.9866,0,-0.0019,2.0952,4.0735,1]},{"frame":46,"values":[1,0,0,0,0,0.9754,0.2205,0,0,-0.2205,0.9754,0,-0.0019,2.0952,4.0735,1]},{"frame":47,"values":[1,0,0,0,0,0.9599,0.2805,0,0,-0.2805,0.9599,0,-0.0019,2.0952,4.0735,1]},{"frame":48,"values":[1,0,0,0,0,0.9403,0.3404,0,0,-0.3404,0.9403,0,-0.0019,2.0952,4.0735,1]},{"frame":49,"values":[1,0,0,0,0,0.9174,0.3979,0,0,-0.3979,0.9174,0,-0.0019,2.0952,4.0735,1]},{"frame":50,"values":[1,0,0,0,0,0.8925,0.451,0,0,-0.451,0.8925,0,-0.0019,2.0952,4.0735,1]},{"frame":51,"values":[1,0,0,0,0,0.8674,0.4976,0,0,-0.4976,0.8674,0,-0.0019,2.0952,4.0735,1]},{"frame":52,"values":[1,0,0,0,0,0.8441,0.5362,0,0,-0.5362,0.8441,0,-0.0019,2.0952,4.0735,1]},{"frame":53,"values":[1,0,0,0,0,0.8248,0.5654,0,0,-0.5654,0.8248,0,-0.0019,2.0952,4.0735,1]},{"frame":54,"values":[1,0,0,0,0,0.8118,0.5839,0,0,-0.5839,0.8118,0,-0.0019,2.0952,4.0735,1]},{"frame":55,"values":[1,0,0,0,0,0.8071,0.5904,0,0,-0.5904,0.8071,0,-0.0019,2.0952,4.0735,1]},{"frame":56,"values":[1,0,0,0,0,0.8086,0.5883,0,0,-0.5883,0.8086,0,-0.0019,2.0952,4.0735,1]},{"frame":57,"values":[1,0,0,0,0,0.8129,0.5824,0,0,-0.5824,0.8129,0,-0.0019,2.0952,4.0735,1]},{"frame":58,"values":[1,0,0,0,0,0.8195,0.5731,0,0,-0.5731,0.8195,0,-0.0019,2.0952,4.0735,1]},{"frame":59,"values":[1,0,0,0,0,0.8278,0.561,0,0,-0.561,0.8278,0,-0.0019,2.0952,4.0735,1]},{"frame":60,"values":[1,0,0,0,0,0.8374,0.5466,0,0,-0.5466,0.8374,0,-0.0019,2.0952,4.0735,1]},{"frame":61,"values":[1,0,0,0,0,0.8476,0.5306,0,0,-0.5306,0.8476,0,-0.0019,2.0952,4.0735,1]},{"frame":62,"values":[1,0,0,0,0,0.8582,0.5134,0,0,-0.5134,0.8582,0,-0.0019,2.0952,4.0735,1]},{"frame":63,"values":[1,0,0,0,0,0.8685,0.4956,0,0,-0.4956,0.8685,0,-0.0019,2.0952,4.0735,1]},{"frame":64,"values":[1,0,0,0,0,0.8783,0.478,0,0,-0.478,0.8783,0,-0.0019,2.0952,4.0735,1]},{"frame":65,"values":[1,0,0,0,0,0.8873,0.4612,0,0,-0.4612,0.8873,0,-0.0019,2.0952,4.0735,1]},{"frame":66,"values":[1,0,0,0,0,0.8951,0.4459,0,0,-0.4459,0.8951,0,-0.0019,2.0952,4.0735,1]},{"frame":67,"values":[1,0,0,0,0,0.9016,0.4327,0,0,-0.4327,0.9016,0,-0.0019,2.0952,4.0735,1]},{"frame":68,"values":[1,0,0,0,0,0.9064,0.4224,0,0,-0.4224,0.9064,0,-0.0019,2.0952,4.0735,1]},{"frame":69,"values":[1,0,0,0,0,0.9095,0.4157,0,0,-0.4157,0.9095,0,-0.0019,2.0952,4.0735,1]},{"frame":70,"values":[1,0,0,0,0,0.9106,0.4133,0,0,-0.4133,0.9106,0,-0.0019,2.0952,4.0735,1]},{"frame":81,"values":[1,0,0,0,0,0.9095,0.4157,0,0,-0.4157,0.9095,0,-0.0019,2.0952,4.0735,1]},{"frame":82,"values":[1,0,0,0,0,0.9064,0.4224,0,0,-0.4224,0.9064,0,-0.0019,2.0952,4.0735,1]},{"frame":83,"values":[1,0,0,0,0,0.9016,0.4326,0,0,-0.4326,0.9016,0,-0.0019,2.0952,4.0735,1]},{"frame":84,"values":[1,0,0,0,0,0.8951,0.4458,0,0,-0.4458,0.8951,0,-0.0019,2.0952,4.0735,1]},{"frame":85,"values":[1,0,0,0,0,0.8873,0.4611,0,0,-0.4611,0.8873,0,-0.0019,2.0952,4.0735,1]},{"frame":86,"values":[1,0,0,0,0,0.8784,0.478,0,0,-0.478,0.8784,0,-0.0019,2.0952,4.0735,1]},{"frame":87,"values":[1,0,0,0,0,0.8686,0.4955,0,0,-0.4955,0.8686,0,-0.0019,2.0952,4.0735,1]},{"frame":88,"values":[1,0,0,0,0,0.8582,0.5133,0,0,-0.5133,0.8582,0,-0.0019,2.0952,4.0735,1]},{"frame":89,"values":[1,0,0,0,0,0.8477,0.5304,0,0,-0.5304,0.8477,0,-0.0019,2.0952,4.0735,1]},{"frame":90,"values":[1,0,0,0,0,0.8375,0.5465,0,0,-0.5465,0.8375,0,-0.0019,2.0952,4.0735,1]},{"frame":91,"values":[1,0,0,0,0,0.8279,0.5608,0,0,-0.5608,0.8279,0,-0.0019,2.0952,4.0735,1]},{"frame":92,"values":[1,0,0,0,0,0.8196,0.573,0,0,-0.573,0.8196,0,-0.0019,2.0952,4.0735,1]},{"frame":93,"values":[1,0,0,0,0,0.813,0.5823,0,0,-0.5823,0.813,0,-0.0019,2.0952,4.0735,1]},{"frame":94,"values":[1,0,0,0,0,0.8087,0.5883,0,0,-0.5883,0.8087,0,-0.0019,2.0952,4.0735,1]},{"frame":95,"values":[1,0,0,0,0,0.8071,0.5904,0,0,-0.5904,0.8071,0,-0.0019,2.0952,4.0735,1]},{"frame":96,"values":[1,0,0,0,0,0.8117,0.5841,0,0,-0.5841,0.8117,0,-0.0019,2.0952,4.0735,1]},{"frame":97,"values":[1,0,0,0,0,0.8247,0.5656,0,0,-0.5656,0.8247,0,-0.0019,2.0952,4.0735,1]},{"frame":98,"values":[1,0,0,0,0,0.8439,0.5364,0,0,-0.5364,0.8439,0,-0.0019,2.0952,4.0735,1]},{"frame":99,"values":[1,0,0,0,0,0.8673,0.4978,0,0,-0.4978,0.8673,0,-0.0019,2.0952,4.0735,1]},{"frame":100,"values":[1,0,0,0,0,0.8924,0.4512,0,0,-0.4512,0.8924,0,-0.0019,2.0952,4.0735,1]},{"frame":101,"values":[1,0,0,0,0,0.9173,0.3981,0,0,-0.3981,0.9173,0,-0.0019,2.0952,4.0735,1]},{"frame":102,"values":[1,0,0,0,0,0.9403,0.3404,0,0,-0.3404,0.9403,0,-0.0019,2.0952,4.0735,1]},{"frame":103,"values":[1,0,0,0,0,0.9599,0.2804,0,0,-0.2804,0.9599,0,-0.0019,2.0952,4.0735,1]},{"frame":104,"values":[1,0,0,0,0,0.9754,0.2204,0,0,-0.2204,0.9754,0,-0.0019,2.0952,4.0735,1]},{"frame":105,"values":[1,0,0,0,0,0.9867,0.1628,0,0,-0.1628,0.9867,0,-0.0019,2.0952,4.0735,1]},{"frame":106,"values":[1,0,0,0,0,0.9939,0.1103,0,0,-0.1103,0.9939,0,-0.0019,2.0952,4.0735,1]},{"frame":107,"values":[1,0,0,0,0,0.9979,0.0653,0,0,-0.0653,0.9979,0,-0.0019,2.0952,4.0735,1]},{"frame":108,"values":[1,0,0,0,0,0.9995,0.0304,0,0,-0.0304,0.9995,0,-0.0019,2.0952,4.0735,1]},{"frame":109,"values":[1,0,0,0,0,1,0.0079,0,0,-0.0079,1,0,-0.0019,2.0952,4.0735,1]},{"frame":110,"values":[1,0,0,0,0,1,0,0,0,0,1,0,-0.0019,2.0952,4.0735,1]},{"frame":559,"values":[1,0,0,0,0,1,0,0,0,0,1,0,-0.0019,2.0952,4.0735,1]}],"loopBehavior":1,"name":"anim","property":"_matrix"}},
{"name":"skeleton_2J","index":2,"matrix":[1,0,0,0,0,1,0,0,0,0,1,0,0.7527,7.753,0.0001,1],"rest":[1,0,0,0,0,1,0,0,0,0,1,0,0.7527,7.753,0.0001,1],"parentBoneIndex":1,"length":12.1863
,"animation":{"dataType":3,"framePerSecond":24,"keys":[{"frame":0,"values":[1,0,0,0,0,1,0,0,0,0,1,0,0.7527,7.753,0.0001,1]},{"frame":41,"values":[1,0,0.0009,0,0,1,0.0046,0,-0.0009,-0.0046,1,0,0.7527,7.753,0.0001,1]},{"frame":42,"values":[1,0,0.0035,0,0,0.9999,0.0172,0,-0.0035,-0.0172,0.9998,0,0.7527,7.753,0.0001,1]},{"frame":43,"values":[1,-0.0001,0.0073,0,-0.0001,0.9994,0.0358,0,-0.0073,-0.0358,0.9993,0,0.7527,7.753,0.0001,1]},{"frame":44,"values":[0.9999,-0.0003,0.0119,0,-0.0004,0.9983,0.0583,0,-0.0119,-0.0583,0.9982,0,0.7527,7.753,0.0001,1]},{"frame":45,"values":[0.9999,-0.0007,0.0169,0,-0.0007,0.9966,0.0828,0,-0.0169,-0.0828,0.9964,0,0.7527,7.753,0.0001,1]},{"frame":46,"values":[0.9998,-0.0012,0.0219,0,-0.0012,0.9942,0.1072,0,-0.0219,-0.1072,0.994,0,0.7527,7.753,0.0001,1]},{"frame":47,"values":[0.9996,-0.0017,0.0264,0,-0.0017,0.9916,0.1296,0,-0.0264,-0.1296,0.9912,0,0.7527,7.753,0.0001,1]},{"frame":48,"values":[0.9995,-0.0022,0.0302,0,-0.0023,0.989,0.148,0,-0.0302,-0.148,0.9885,0,0.7527,7.753,0.0001,1]},{"frame":49,"values":[0.9995,-0.0026,0.0327,0,-0.0027,0.987,0.1604,0,-0.0327,-0.1604,0.9865,0,0.7527,7.753,0.0001,1]},{"frame":50,"values":[0.9994,-0.0028,0.0336,0,-0.0028,0.9863,0.165,0,-0.0336,-0.165,0.9857,0,0.7527,7.753,0.0001,1]},{"frame":51,"values":[0.9995,-0.0025,0.0318,0,-0.0025,0.9878,0.1559,0,-0.0318,-0.1559,0.9873,0,0.7527,7.753,0.0001,1]},{"frame":52,"values":[0.9996,-0.0017,0.0267,0,-0.0018,0.9914,0.1311,0,-0.0267,-0.1311,0.991,0,0.7527,7.753,0.0001,1]},{"frame":53,"values":[0.9998,-0.0009,0.0192,0,-0.0009,0.9955,0.0943,0,-0.0192,-0.0943,0.9954,0,0.7527,7.753,0.0001,1]},{"frame":54,"values":[0.9999,-0.0002,0.0101,0,-0.0003,0.9988,0.0495,0,-0.0101,-0.0495,0.9987,0,0.7527,7.753,0.0001,1]},{"frame":55,"values":[1,0,0.0001,0,0,1,0.0007,0,-0.0001,-0.0007,1,0,0.7527,7.753,0.0001,1]},{"frame":56,"values":[1,-0.0002,-0.0098,0,-0.0002,0.9988,-0.0482,0,0.0098,0.0482,0.9988,0,0.7527,7.753,0.0001,1]},{"frame":57,"values":[0.9998,-0.0009,-0.0189,0,-0.0009,0.9957,-0.0929,0,0.0189,0.0929,0.9955,0,0.7527,7.753,0.0001,1]},{"frame":58,"values":[0.9996,-0.0017,-0.0264,0,-0.0017,0.9916,-0.1297,0,0.0264,0.1297,0.9912,0,0.7527,7.753,0.0001,1]},{"frame":59,"values":[0.9995,-0.0025,-0.0315,0,-0.0024,0.988,-0.1545,0,0.0315,0.1545,0.9875,0,0.7527,7.753,0.0001,1]},{"frame":60,"values":[0.9994,-0.0028,-0.0334,0,-0.0027,0.9865,-0.1636,0,0.0334,0.1636,0.986,0,0.7527,7.753,0.0001,1]},{"frame":61,"values":[0.9995,-0.0026,-0.0324,0,-0.0026,0.9873,-0.1591,0,0.0324,0.1591,0.9867,0,0.7527,7.753,0.0001,1]},{"frame":62,"values":[0.9995,-0.0022,-0.0299,0,-0.0022,0.9892,-0.1468,0,0.0299,0.1468,0.9887,0,0.7527,7.753,0.0001,1]},{"frame":63,"values":[0.9997,-0.0017,-0.0262,0,-0.0017,0.9917,-0.1285,0,0.0262,0.1285,0.9914,0,0.7527,7.753,0.0001,1]},{"frame":64,"values":[0.9998,-0.0012,-0.0217,0,-0.0011,0.9943,-0.1063,0,0.0217,0.1063,0.9941,0,0.7527,7.753,0.0001,1]},{"frame":65,"values":[0.9999,-0.0007,-0.0167,0,-0.0007,0.9966,-0.0821,0,0.0167,0.0821,0.9965,0,0.7527,7.753,0.0001,1]},{"frame":66,"values":[0.9999,-0.0003,-0.0118,0,-0.0003,0.9983,-0.0578,0,0.0118,0.0578,0.9983,0,0.7527,7.753,0.0001,1]},{"frame":67,"values":[1,-0.0001,-0.0072,0,-0.0001,0.9994,-0.0355,0,0.0072,0.0355,0.9993,0,0.7527,7.753,0.0001,1]},{"frame":68,"values":[1,0,-0.0035,0,0,0.9999,-0.0171,0,0.0035,0.0171,0.9998,0,0.7527,7.753,0.0001,1]},{"frame":69,"values":[1,0,-0.0009,0,0,1,-0.0046,0,0.0009,0.0046,1,0,0.7527,7.753,0.0001,1]},{"frame":70,"values":[1,0,0,0,0,1,0,0,0,0,1,0,0.7527,7.753,0.0001,1]},{"frame":81,"values":[1,0,-0.0009,0,0,1,-0.0046,0,0.0009,0.0046,1,0,0.7527,7.753,0.0001,1]},{"frame":82,"values":[1,0,-0.0035,0,0,0.9999,-0.0172,0,0.0035,0.0172,0.9998,0,0.7527,7.753,0.0001,1]},{"frame":83,"values":[1,-0.0001,-0.0073,0,-0.0001,0.9994,-0.0358,0,0.0073,0.0358,0.9993,0,0.7527,7.753,0.0001,1]},{"frame":84,"values":[0.9999,-0.0004,-0.0119,0,-0.0003,0.9983,-0.0582,0,0.0119,0.0582,0.9982,0,0.7527,7.753,0.0001,1]},{"frame":85,"values":[0.9999,-0.0007,-0.0168,0,-0.0007,0.9966,-0.0826,0,0.0168,0.0826,0.9964,0,0.7527,7.753,0.0001,1]},{"frame":86,"values":[0.9998,-0.0012,-0.0218,0,-0.0012,0.9943,-0.1069,0,0.0218,0.1069,0.994,0,0.7527,7.753,0.0001,1]},{"frame":87,"values":[0.9997,-0.0017,-0.0263,0,-0.0017,0.9916,-0.1291,0,0.0263,0.1291,0.9913,0,0.7527,7.753,0.0001,1]},{"frame":88,"values":[0.9995,-0.0022,-0.03,0,-0.0022,0.9891,-0.1473,0,0.03,0.1473,0.9886,0,0.7527,7.753,0.0001,1]},{"frame":89,"values":[0.9995,-0.0026,-0.0325,0,-0.0026,0.9872,-0.1594,0,0.0325,0.1594,0.9867,0,0.7527,7.753,0.0001,1]},{"frame":90,"values":[0.9994,-0.0028,-0.0334,0,-0.0027,0.9865,-0.1636,0,0.0334,0.1636,0.986,0,0.7527,7.753,0.0001,1]},{"frame":91,"values":[0.9995,-0.0024,-0.0314,0,-0.0024,0.9881,-0.154,0,0.0314,0.154,0.9876,0,0.7527,7.753,0.0001,1]},{"frame":92,"values":[0.9997,-0.0017,-0.0263,0,-0.0017,0.9917,-0.1289,0,0.0263,0.1289,0.9913,0,0.7527,7.753,0.0001,1]},{"frame":93,"values":[0.9998,-0.0009,-0.0188,0,-0.0009,0.9957,-0.0923,0,0.0188,0.0923,0.9956,0,0.7527,7.753,0.0001,1]},{"frame":94,"values":[1,-0.0002,-0.0097,0,-0.0002,0.9989,-0.0478,0,0.0097,0.0478,0.9988,0,0.7527,7.753,0.0001,1]},{"frame":95,"values":[1,0,0.0001,0,0,1,0.0007,0,-0.0001,-0.0007,1,0,0.7527,7.753,0.0001,1]},{"frame":96,"values":[0.9999,-0.0002,0.01,0,-0.0003,0.9988,0.0492,0,-0.01,-0.0492,0.9987,0,0.7527,7.753,0.0001,1]},{"frame":97,"values":[0.9998,-0.0009,0.0191,0,-0.0009,0.9956,0.0937,0,-0.0191,-0.0937,0.9954,0,0.7527,7.753,0.0001,1]},{"frame":98,"values":[0.9996,-0.0017,0.0266,0,-0.0018,0.9915,0.1303,0,-0.0266,-0.1303,0.9911,0,0.7527,7.753,0.0001,1]},{"frame":99,"values":[0.9995,-0.0025,0.0317,0,-0.0025,0.9879,0.1553,0,-0.0317,-0.1553,0.9874,0,0.7527,7.753,0.0001,1]},{"frame":100,"values":[0.9994,-0.0028,0.0336,0,-0.0028,0.9863,0.165,0,-0.0336,-0.165,0.9857,0,0.7527,7.753,0.0001,1]},{"frame":101,"values":[0.9995,-0.0026,0.0328,0,-0.0027,0.987,0.1608,0,-0.0328,-0.1608,0.9864,0,0.7527,7.753,0.0001,1]},{"frame":102,"values":[0.9995,-0.0022,0.0303,0,-0.0023,0.9889,0.1485,0,-0.0303,-0.1485,0.9884,0,0.7527,7.753,0.0001,1]},{"frame":103,"values":[0.9996,-0.0017,0.0265,0,-0.0017,0.9915,0.1302,0,-0.0265,-0.1302,0.9911,0,0.7527,7.753,0.0001,1]},{"frame":104,"values":[0.9998,-0.0012,0.022,0,-0.0012,0.9942,0.1078,0,-0.022,-0.1078,0.9939,0,0.7527,7.753,0.0001,1]},{"frame":105,"values":[0.9999,-0.0007,0.017,0,-0.0007,0.9965,0.0833,0,-0.017,-0.0833,0.9964,0,0.7527,7.753,0.0001,1]},{"frame":106,"values":[0.9999,-0.0003,0.012,0,-0.0004,0.9983,0.0587,0,-0.012,-0.0587,0.9982,0,0.7527,7.753,0.0001,1]},{"frame":107,"values":[1,-0.0001,0.0074,0,-0.0001,0.9993,0.0361,0,-0.0074,-0.0361,0.9993,0,0.7527,7.753,0.0001,1]},{"frame":108,"values":[1,0,0.0035,0,0,0.9998,0.0174,0,-0.0035,-0.0174,0.9998,0,0.7527,7.753,0.0001,1]},{"frame":109,"values":[1,0,0.001,0,0,1,0.0047,0,-0.001,-0.0047,1,0,0.7527,7.753,0.0001,1]},{"frame":110,"values":[1,0,0,0,0,1,0,0,0,0,1,0,0.7527,7.753,0.0001,1]},{"frame":559,"values":[1,0,0,0,0,1,0,0,0,0,1,0,0.7527,7.753,0.0001,1]}],"loopBehavior":1,"name":"anim","property":"_matrix"}},
{"name":"skeleton_2I","index":3,"matrix":[1,0,0,0,0,1,0,0,0,0,1,0,2.434,11.9408,0.0003,1],"rest":[1,0,0,0,0,1,0,0,0,0,1,0,2.434,11.9408,0.0003,1],"parentBoneIndex":2,"length":12.1233
,"animation":{"dataType":3,"framePerSecond":24,"keys":[{"frame":0,"values":[1,0,0,0,0,1,0,0,0,0,1,0,2.434,11.9408,0.0003,1]},{"frame":41,"values":[1,0,0.0014,0,0,1,0.0045,0,-0.0014,-0.0045,1,0,2.434,11.9408,0.0003,1]},{"frame":42,"values":[1,0,0.0051,0,0,0.9999,0.0168,0,-0.0051,-0.0168,0.9998,0,2.434,11.9408,0.0003,1]},{"frame":43,"values":[0.9999,-0.0002,0.0107,0,-0.0002,0.9994,0.035,0,-0.0107,-0.035,0.9993,0,2.434,11.9408,0.0003,1]},{"frame":44,"values":[0.9998,-0.0005,0.0174,0,-0.0005,0.9984,0.0569,0,-0.0174,-0.0569,0.9982,0,2.434,11.9408,0.0003,1]},{"frame":45,"values":[0.9997,-0.001,0.0247,0,-0.001,0.9967,0.0808,0,-0.0247,-0.0808,0.9964,0,2.434,11.9408,0.0003,1]},{"frame":46,"values":[0.9995,-0.0017,0.032,0,-0.0017,0.9945,0.1047,0,-0.032,-0.1047,0.994,0,2.434,11.9408,0.0003,1]},{"frame":47,"values":[0.9993,-0.0024,0.0386,0,-0.0025,0.992,0.1265,0,-0.0386,-0.1265,0.9912,0,2.434,11.9408,0.0003,1]},{"frame":48,"values":[0.999,-0.0032,0.0441,0,-0.0032,0.9895,0.1445,0,-0.0441,-0.1445,0.9885,0,2.434,11.9408,0.0003,1]},{"frame":49,"values":[0.9988,-0.0038,0.0478,0,-0.0038,0.9877,0.1566,0,-0.0478,-0.1566,0.9865,0,2.434,11.9408,0.0003,1]},{"frame":50,"values":[0.9988,-0.004,0.0492,0,-0.004,0.9869,0.1611,0,-0.0492,-0.1611,0.9857,0,2.434,11.9408,0.0003,1]},{"frame":51,"values":[0.9989,-0.0035,0.0465,0,-0.0036,0.9883,0.1522,0,-0.0465,-0.1522,0.9873,0,2.434,11.9408,0.0003,1]},{"frame":52,"values":[0.9992,-0.0025,0.0391,0,-0.0025,0.9918,0.1279,0,-0.0391,-0.1279,0.991,0,2.434,11.9408,0.0003,1]},{"frame":53,"values":[0.9996,-0.0013,0.0281,0,-0.0013,0.9958,0.0921,0,-0.0281,-0.0921,0.9954,0,2.434,11.9408,0.0003,1]},{"frame":54,"values":[0.9999,-0.0004,0.0148,0,-0.0004,0.9988,0.0484,0,-0.0148,-0.0484,0.9987,0,2.434,11.9408,0.0003,1]},{"frame":55,"values":[1,0,0.0002,0,0,1,0.0007,0,-0.0002,-0.0007,1,0,2.434,11.9408,0.0003,1]},{"frame":56,"values":[0.9999,-0.0003,-0.0144,0,-0.0003,0.9989,-0.047,0,0.0144,0.047,0.9988,0,2.434,11.9408,0.0003,1]},{"frame":57,"values":[0.9996,-0.0013,-0.0277,0,-0.0012,0.9959,-0.0907,0,0.0277,0.0907,0.9955,0,2.434,11.9408,0.0003,1]},{"frame":58,"values":[0.9992,-0.0025,-0.0386,0,-0.0024,0.992,-0.1266,0,0.0387,0.1266,0.9912,0,2.434,11.9408,0.0003,1]},{"frame":59,"values":[0.9989,-0.0035,-0.046,0,-0.0035,0.9886,-0.1508,0,0.0461,0.1508,0.9875,0,2.434,11.9408,0.0003,1]},{"frame":60,"values":[0.9988,-0.0039,-0.0488,0,-0.0039,0.9872,-0.1597,0,0.0488,0.1597,0.986,0,2.434,11.9408,0.0003,1]},{"frame":61,"values":[0.9989,-0.0037,-0.0474,0,-0.0037,0.9879,-0.1553,0,0.0474,0.1553,0.9867,0,2.434,11.9408,0.0003,1]},{"frame":62,"values":[0.999,-0.0032,-0.0437,0,-0.0031,0.9897,-0.1433,0,0.0437,0.1433,0.9887,0,2.434,11.9408,0.0003,1]},{"frame":63,"values":[0.9993,-0.0024,-0.0383,0,-0.0024,0.9921,-0.1255,0,0.0383,0.1255,0.9914,0,2.434,11.9408,0.0003,1]},{"frame":64,"values":[0.9995,-0.0017,-0.0317,0,-0.0016,0.9946,-0.1038,0,0.0317,0.1038,0.9941,0,2.434,11.9408,0.0003,1]},{"frame":65,"values":[0.9997,-0.001,-0.0245,0,-0.001,0.9968,-0.0801,0,0.0245,0.0801,0.9965,0,2.434,11.9408,0.0003,1]},{"frame":66,"values":[0.9999,-0.0005,-0.0172,0,-0.0005,0.9984,-0.0565,0,0.0172,0.0565,0.9983,0,2.434,11.9408,0.0003,1]},{"frame":67,"values":[0.9999,-0.0002,-0.0106,0,-0.0002,0.9994,-0.0347,0,0.0106,0.0347,0.9993,0,2.434,11.9408,0.0003,1]},{"frame":68,"values":[1,0,-0.0051,0,0,0.9999,-0.0167,0,0.0051,0.0167,0.9998,0,2.434,11.9408,0.0003,1]},{"frame":69,"values":[1,0,-0.0014,0,0,1,-0.0045,0,0.0014,0.0045,1,0,2.434,11.9408,0.0003,1]},{"frame":70,"values":[1,0,0,0,0,1,0,0,0,0,1,0,2.434,11.9408,0.0003,1]},{"frame":81,"values":[1,0,-0.0014,0,0,1,-0.0045,0,0.0014,0.0045,1,0,2.434,11.9408,0.0003,1]},{"frame":82,"values":[1,0,-0.0051,0,0,0.9999,-0.0168,0,0.0051,0.0168,0.9998,0,2.434,11.9408,0.0003,1]},{"frame":83,"values":[0.9999,-0.0002,-0.0107,0,-0.0002,0.9994,-0.0349,0,0.0107,0.0349,0.9993,0,2.434,11.9408,0.0003,1]},{"frame":84,"values":[0.9998,-0.0005,-0.0174,0,-0.0005,0.9984,-0.0568,0,0.0174,0.0568,0.9982,0,2.434,11.9408,0.0003,1]},{"frame":85,"values":[0.9997,-0.001,-0.0246,0,-0.001,0.9967,-0.0806,0,0.0246,0.0806,0.9964,0,2.434,11.9408,0.0003,1]},{"frame":86,"values":[0.9995,-0.0017,-0.0319,0,-0.0017,0.9945,-0.1043,0,0.0319,0.1043,0.994,0,2.434,11.9408,0.0003,1]},{"frame":87,"values":[0.9993,-0.0024,-0.0385,0,-0.0024,0.992,-0.126,0,0.0385,0.126,0.9913,0,2.434,11.9408,0.0003,1]},{"frame":88,"values":[0.999,-0.0032,-0.0439,0,-0.0032,0.9896,-0.1437,0,0.0439,0.1437,0.9886,0,2.434,11.9408,0.0003,1]},{"frame":89,"values":[0.9989,-0.0037,-0.0475,0,-0.0037,0.9878,-0.1556,0,0.0475,0.1556,0.9867,0,2.434,11.9408,0.0003,1]},{"frame":90,"values":[0.9988,-0.0039,-0.0488,0,-0.0039,0.9872,-0.1597,0,0.0488,0.1597,0.986,0,2.434,11.9408,0.0003,1]},{"frame":91,"values":[0.9989,-0.0035,-0.0459,0,-0.0035,0.9886,-0.1503,0,0.0459,0.1503,0.9876,0,2.434,11.9408,0.0003,1]},{"frame":92,"values":[0.9993,-0.0024,-0.0384,0,-0.0024,0.992,-0.1259,0,0.0384,0.1259,0.9913,0,2.434,11.9408,0.0003,1]},{"frame":93,"values":[0.9996,-0.0013,-0.0275,0,-0.0012,0.9959,-0.0901,0,0.0275,0.0901,0.9956,0,2.434,11.9408,0.0003,1]},{"frame":94,"values":[0.9999,-0.0003,-0.0142,0,-0.0003,0.9989,-0.0466,0,0.0142,0.0466,0.9988,0,2.434,11.9408,0.0003,1]},{"frame":95,"values":[1,0,0.0002,0,0,1,0.0007,0,-0.0002,-0.0007,1,0,2.434,11.9408,0.0003,1]},{"frame":96,"values":[0.9999,-0.0003,0.0147,0,-0.0004,0.9988,0.048,0,-0.0147,-0.048,0.9987,0,2.434,11.9408,0.0003,1]},{"frame":97,"values":[0.9996,-0.0013,0.0279,0,-0.0013,0.9958,0.0914,0,-0.0279,-0.0914,0.9954,0,2.434,11.9408,0.0003,1]},{"frame":98,"values":[0.9992,-0.0025,0.0388,0,-0.0025,0.9919,0.1272,0,-0.0388,-0.1272,0.9911,0,2.434,11.9408,0.0003,1]},{"frame":99,"values":[0.9989,-0.0035,0.0463,0,-0.0035,0.9884,0.1516,0,-0.0463,-0.1516,0.9874,0,2.434,11.9408,0.0003,1]},{"frame":100,"values":[0.9988,-0.004,0.0492,0,-0.004,0.9869,0.1611,0,-0.0492,-0.1611,0.9857,0,2.434,11.9408,0.0003,1]},{"frame":101,"values":[0.9988,-0.0038,0.0479,0,-0.0038,0.9876,0.1569,0,-0.0479,-0.1569,0.9864,0,2.434,11.9408,0.0003,1]},{"frame":102,"values":[0.999,-0.0032,0.0443,0,-0.0032,0.9894,0.1449,0,-0.0443,-0.1449,0.9884,0,2.434,11.9408,0.0003,1]},{"frame":103,"values":[0.9992,-0.0025,0.0388,0,-0.0025,0.9919,0.1271,0,-0.0388,-0.1271,0.9911,0,2.434,11.9408,0.0003,1]},{"frame":104,"values":[0.9995,-0.0017,0.0321,0,-0.0017,0.9944,0.1052,0,-0.0321,-0.1052,0.9939,0,2.434,11.9408,0.0003,1]},{"frame":105,"values":[0.9997,-0.001,0.0248,0,-0.001,0.9967,0.0813,0,-0.0248,-0.0813,0.9964,0,2.434,11.9408,0.0003,1]},{"frame":106,"values":[0.9998,-0.0005,0.0175,0,-0.0005,0.9984,0.0573,0,-0.0175,-0.0573,0.9982,0,2.434,11.9408,0.0003,1]},{"frame":107,"values":[0.9999,-0.0002,0.0107,0,-0.0002,0.9994,0.0352,0,-0.0107,-0.0352,0.9993,0,2.434,11.9408,0.0003,1]},{"frame":108,"values":[1,0,0.0052,0,0,0.9999,0.017,0,-0.0052,-0.017,0.9998,0,2.434,11.9408,0.0003,1]},{"frame":109,"values":[1,0,0.0014,0,0,1,0.0046,0,-0.0014,-0.0046,1,0,2.434,11.9408,0.0003,1]},{"frame":110,"values":[1,0,0,0,0,1,0,0,0,0,1,0,2.434,11.9408,0.0003,1]},{"frame":559,"values":[1,0,0,0,0,1,0,0,0,0,1,0,2.434,11.9408,0.0003,1]}],"loopBehavior":1,"name":"anim","property":"_matrix"}},
{"name":"skeleton_2H","index":4,"matrix":[1,0,0,0,0,1,0,0,0,0,1,0,3.5401,11.595,0.0004,1],"rest":[1,0,0,0,0,1,0,0,0,0,1,0,3.5401,11.595,0.0004,1],"parentBoneIndex":3,"length":12.1863
,"animation":{"dataType":3,"framePerSecond":24,"keys":[{"frame":0,"values":[1,0,0,0,0,1,0,0,0,0,1,0,3.5401,11.595,0.0004,1]},{"frame":41,"values":[1,0,0.0018,0,0,1,0.0044,0,-0.0018,-0.0044,1,0,3.5401,11.595,0.0004,1]},{"frame":42,"values":[1,-0.0001,0.0068,0,-0.0001,0.9999,0.0162,0,-0.0068,-0.0162,0.9998,0,3.5401,11.595,0.0004,1]},{"frame":43,"values":[0.9999,-0.0002,0.0142,0,-0.0002,0.9994,0.0337,0,-0.0142,-0.0337,0.9993,0,3.5401,11.595,0.0004,1]},{"frame":44,"values":[0.9997,-0.0006,0.0231,0,-0.0006,0.9985,0.0549,0,-0.0231,-0.0549,0.9982,0,3.5401,11.595,0.0004,1]},{"frame":45,"values":[0.9995,-0.0013,0.0327,0,-0.0013,0.997,0.0779,0,-0.0327,-0.0779,0.9964,0,3.5401,11.595,0.0004,1]},{"frame":46,"values":[0.9991,-0.0021,0.0424,0,-0.0022,0.9949,0.1009,0,-0.0424,-0.1009,0.994,0,3.5401,11.595,0.0004,1]},{"frame":47,"values":[0.9987,-0.0031,0.0513,0,-0.0032,0.9925,0.1219,0,-0.0513,-0.1219,0.9912,0,3.5401,11.595,0.0004,1]},{"frame":48,"values":[0.9983,-0.0041,0.0585,0,-0.0041,0.9902,0.1392,0,-0.0585,-0.1392,0.9885,0,3.5401,11.595,0.0004,1]},{"frame":49,"values":[0.998,-0.0048,0.0635,0,-0.0048,0.9885,0.1509,0,-0.0635,-0.1509,0.9865,0,3.5401,11.595,0.0004,1]},{"frame":50,"values":[0.9979,-0.0051,0.0653,0,-0.0051,0.9879,0.1553,0,-0.0653,-0.1553,0.9857,0,3.5401,11.595,0.0004,1]},{"frame":51,"values":[0.9981,-0.0045,0.0617,0,-0.0046,0.9892,0.1467,0,-0.0617,-0.1467,0.9873,0,3.5401,11.595,0.0004,1]},{"frame":52,"values":[0.9987,-0.0032,0.0518,0,-0.0032,0.9924,0.1233,0,-0.0518,-0.1233,0.991,0,3.5401,11.595,0.0004,1]},{"frame":53,"values":[0.9993,-0.0017,0.0373,0,-0.0017,0.9961,0.0888,0,-0.0373,-0.0888,0.9954,0,3.5401,11.595,0.0004,1]},{"frame":54,"values":[0.9998,-0.0005,0.0196,0,-0.0005,0.9989,0.0466,0,-0.0196,-0.0466,0.9987,0,3.5401,11.595,0.0004,1]},{"frame":55,"values":[1,0,0.0003,0,0,1,0.0007,0,-0.0003,-0.0007,1,0,3.5401,11.595,0.0004,1]},{"frame":56,"values":[0.9998,-0.0004,-0.019,0,-0.0004,0.999,-0.0453,0,0.019,0.0453,0.9988,0,3.5401,11.595,0.0004,1]},{"frame":57,"values":[0.9993,-0.0016,-0.0368,0,-0.0016,0.9962,-0.0874,0,0.0368,0.0874,0.9955,0,3.5401,11.595,0.0004,1]},{"frame":58,"values":[0.9987,-0.0032,-0.0513,0,-0.0031,0.9925,-0.122,0,0.0513,0.122,0.9912,0,3.5401,11.595,0.0004,1]},{"frame":59,"values":[0.9981,-0.0045,-0.0611,0,-0.0045,0.9894,-0.1454,0,0.0611,0.1454,0.9875,0,3.5401,11.595,0.0004,1]},{"frame":60,"values":[0.9979,-0.005,-0.0647,0,-0.005,0.9881,-0.154,0,0.0647,0.154,0.986,0,3.5401,11.595,0.0004,1]},{"frame":61,"values":[0.998,-0.0048,-0.0629,0,-0.0047,0.9887,-0.1497,0,0.0629,0.1497,0.9867,0,3.5401,11.595,0.0004,1]},{"frame":62,"values":[0.9983,-0.004,-0.058,0,-0.004,0.9904,-0.1381,0,0.058,0.1381,0.9887,0,3.5401,11.595,0.0004,1]},{"frame":63,"values":[0.9987,-0.0031,-0.0508,0,-0.0031,0.9927,-0.1209,0,0.0508,0.1209,0.9914,0,3.5401,11.595,0.0004,1]},{"frame":64,"values":[0.9991,-0.0021,-0.0421,0,-0.0021,0.995,-0.1,0,0.0421,0.1,0.9941,0,3.5401,11.595,0.0004,1]},{"frame":65,"values":[0.9995,-0.0013,-0.0325,0,-0.0012,0.997,-0.0773,0,0.0325,0.0773,0.9965,0,3.5401,11.595,0.0004,1]},{"frame":66,"values":[0.9997,-0.0006,-0.0229,0,-0.0006,0.9985,-0.0544,0,0.0229,0.0544,0.9983,0,3.5401,11.595,0.0004,1]},{"frame":67,"values":[0.9999,-0.0002,-0.014,0,-0.0002,0.9994,-0.0334,0,0.014,0.0334,0.9993,0,3.5401,11.595,0.0004,1]},{"frame":68,"values":[1,-0.0001,-0.0068,0,-0.0001,0.9999,-0.0161,0,0.0068,0.0161,0.9998,0,3.5401,11.595,0.0004,1]},{"frame":69,"values":[1,0,-0.0018,0,0,1,-0.0043,0,0.0018,0.0043,1,0,3.5401,11.595,0.0004,1]},{"frame":70,"values":[1,0,0,0,0,1,0,0,0,0,1,0,3.5401,11.595,0.0004,1]},{"frame":81,"values":[1,0,-0.0018,0,0,1,-0.0044,0,0.0018,0.0044,1,0,3.5401,11.595,0.0004,1]},{"frame":82,"values":[1,-0.0001,-0.0068,0,-0.0001,0.9999,-0.0162,0,0.0068,0.0162,0.9998,0,3.5401,11.595,0.0004,1]},{"frame":83,"values":[0.9999,-0.0002,-0.0141,0,-0.0002,0.9994,-0.0336,0,0.0141,0.0336,0.9993,0,3.5401,11.595,0.0004,1]},{"frame":84,"values":[0.9997,-0.0006,-0.023,0,-0.0006,0.9985,-0.0548,0,0.023,0.0548,0.9982,0,3.5401,11.595,0.0004,1]},{"frame":85,"values":[0.9995,-0.0013,-0.0327,0,-0.0013,0.997,-0.0777,0,0.0327,0.0777,0.9964,0,3.5401,11.595,0.0004,1]},{"frame":86,"values":[0.9991,-0.0021,-0.0423,0,-0.0021,0.9949,-0.1006,0,0.0423,0.1006,0.994,0,3.5401,11.595,0.0004,1]},{"frame":87,"values":[0.9987,-0.0031,-0.0511,0,-0.0031,0.9926,-0.1215,0,0.0511,0.1215,0.9913,0,3.5401,11.595,0.0004,1]},{"frame":88,"values":[0.9983,-0.0041,-0.0582,0,-0.004,0.9903,-0.1385,0,0.0582,0.1385,0.9886,0,3.5401,11.595,0.0004,1]},{"frame":89,"values":[0.998,-0.0048,-0.063,0,-0.0047,0.9887,-0.15,0,0.063,0.15,0.9867,0,3.5401,11.595,0.0004,1]},{"frame":90,"values":[0.9979,-0.005,-0.0647,0,-0.005,0.9881,-0.1539,0,0.0647,0.1539,0.986,0,3.5401,11.595,0.0004,1]},{"frame":91,"values":[0.9981,-0.0045,-0.0609,0,-0.0044,0.9894,-0.1448,0,0.0609,0.1448,0.9876,0,3.5401,11.595,0.0004,1]},{"frame":92,"values":[0.9987,-0.0031,-0.051,0,-0.0031,0.9926,-0.1213,0,0.051,0.1213,0.9913,0,3.5401,11.595,0.0004,1]},{"frame":93,"values":[0.9993,-0.0016,-0.0365,0,-0.0016,0.9962,-0.0868,0,0.0365,0.0868,0.9956,0,3.5401,11.595,0.0004,1]},{"frame":94,"values":[0.9998,-0.0004,-0.0189,0,-0.0004,0.999,-0.045,0,0.0189,0.045,0.9988,0,3.5401,11.595,0.0004,1]},{"frame":95,"values":[1,0,0.0003,0,0,1,0.0007,0,-0.0003,-0.0007,1,0,3.5401,11.595,0.0004,1]},{"frame":96,"values":[0.9998,-0.0004,0.0194,0,-0.0005,0.9989,0.0463,0,-0.0194,-0.0463,0.9987,0,3.5401,11.595,0.0004,1]},{"frame":97,"values":[0.9993,-0.0016,0.037,0,-0.0016,0.9961,0.0881,0,-0.037,-0.0881,0.9954,0,3.5401,11.595,0.0004,1]},{"frame":98,"values":[0.9987,-0.0032,0.0515,0,-0.0032,0.9924,0.1226,0,-0.0515,-0.1226,0.9911,0,3.5401,11.595,0.0004,1]},{"frame":99,"values":[0.9981,-0.0045,0.0614,0,-0.0045,0.9893,0.1461,0,-0.0614,-0.1461,0.9874,0,3.5401,11.595,0.0004,1]},{"frame":100,"values":[0.9979,-0.0051,0.0653,0,-0.0051,0.9879,0.1552,0,-0.0653,-0.1552,0.9857,0,3.5401,11.595,0.0004,1]},{"frame":101,"values":[0.998,-0.0048,0.0636,0,-0.0049,0.9885,0.1512,0,-0.0636,-0.1512,0.9864,0,3.5401,11.595,0.0004,1]},{"frame":102,"values":[0.9983,-0.0041,0.0587,0,-0.0041,0.9902,0.1397,0,-0.0587,-0.1397,0.9884,0,3.5401,11.595,0.0004,1]},{"frame":103,"values":[0.9987,-0.0032,0.0515,0,-0.0032,0.9925,0.1225,0,-0.0515,-0.1225,0.9911,0,3.5401,11.595,0.0004,1]},{"frame":104,"values":[0.9991,-0.0022,0.0426,0,-0.0022,0.9948,0.1014,0,-0.0426,-0.1014,0.9939,0,3.5401,11.595,0.0004,1]},{"frame":105,"values":[0.9995,-0.0013,0.0329,0,-0.0013,0.9969,0.0784,0,-0.0329,-0.0784,0.9964,0,3.5401,11.595,0.0004,1]},{"frame":106,"values":[0.9997,-0.0006,0.0232,0,-0.0006,0.9985,0.0552,0,-0.0232,-0.0552,0.9982,0,3.5401,11.595,0.0004,1]},{"frame":107,"values":[0.9999,-0.0002,0.0143,0,-0.0002,0.9994,0.0339,0,-0.0143,-0.0339,0.9993,0,3.5401,11.595,0.0004,1]},{"frame":108,"values":[1,-0.0001,0.0069,0,-0.0001,0.9999,0.0163,0,-0.0069,-0.0163,0.9998,0,3.5401,11.595,0.0004,1]},{"frame":109,"values":[1,0,0.0019,0,0,1,0.0044,0,-0.0019,-0.0044,1,0,3.5401,11.595,0.0004,1]},{"frame":110,"values":[1,0,0,0,0,1,0,0,0,0,1,0,3.5401,11.595,0.0004,1]},{"frame":559,"values":[1,0,0,0,0,1,0,0,0,0,1,0,3.5401,11.595,0.0004,1]}],"loopBehavior":1,"name":"anim","property":"_matrix"}},
{"name":"skeleton_2G","index":5,"matrix":[1,0,0,0,0,1,0,0,0,0,1,0,4.7224,11.2341,0.0005,1],"rest":[1,0,0,0,0,1,0,0,0,0,1,0,4.7224,11.2341,0.0005,1],"parentBoneIndex":4,"length":12.1233
